Valor funcion objetivo = 2791859
Cantidad de Iteraciones = 27
Tiempo de ejecucion (segundos) = 6.651878356933594e-05

1551 156  0    0    0    0    0    0    0    0    0    0    0    0    0    0    0    0    | 1707
0    1439 4146 1332 0    0    0    0    0    0    0    0    0    0    0    0    0    0    | 6917
0    0    0    3466 883  0    0    0    0    0    0    0    0    0    0    0    0    0    | 4349
0    0    0    0    454  3577 1687 660  1136 0    0    0    0    0    0    0    0    0    | 7514
0    0    0    0    0    0    0    0    3271 1952 2415 1180 0    0    0    0    0    0    | 8818
0    0    0    0    0    0    0    0    0    0    0    1653 634  0    0    0    0    0    | 2287
0    0    0    0    0    0    0    0    0    0    0    0    2225 2169 0    0    0    0    | 4394
0    0    0    0    0    0    0    0    0    0    0    0    0    481  9331 0    0    0    | 9812
0    0    0    0    0    0    0    0    0    0    0    0    0    0    636  24   0    0    | 660
0    0    0    0    0    0    0    0    0    0    0    0    0    0    0    1085 3152 3411 | 7648
-------------------------------------------------------------------------------------------
1551 1595 4146 4798 1337 3577 1687 660  4407 1952 2415 2833 2859 2650 9967 1109 3152 3411 
