Valor funcion objetivo = 2312261
Cantidad de Iteraciones = 21
Tiempo de ejecucion (segundos) = 2.956390380859375e-05

2829 0    0    0    0    0    | 2829
3097 8338 1805 3517 0    0    | 16757
0    0    0    520  0    0    | 520
0    0    0    910  0    0    | 910
0    0    0    162  2997 0    | 3159
0    0    0    0    1348 0    | 1348
0    0    0    0    2635 0    | 2635
0    0    0    0    1388 0    | 1388
0    0    0    0    646  0    | 646
0    0    0    0    309  0    | 309
0    0    0    0    352  538  | 890
0    0    0    0    0    2355 | 2355
0    0    0    0    0    1457 | 1457
0    0    0    0    0    1671 | 1671
0    0    0    0    0    2167 | 2167
0    0    0    0    0    237  | 237
-------------------------------
5926 8338 1805 5109 9675 8425 
