Valor funcion objetivo = 2596223
Cantidad de Iteraciones = 27
Tiempo de ejecucion (segundos) = 0.00016808509826660156

3411 2415 1109 713  0    0    0    0    0    0    0    0    0    0    0    0    0    0    | 7648
0    0    0    974  2650 1551 3577 66   0    0    0    0    0    0    0    0    0    0    | 8818
0    0    0    0    0    0    0    4341 2576 0    0    0    0    0    0    0    0    0    | 6917
0    0    0    0    0    0    0    0    2222 65   0    0    0    0    0    0    0    0    | 2287
0    0    0    0    0    0    0    0    0    595  3152 1595 2833 1637 0    0    0    0    | 9812
0    0    0    0    0    0    0    0    0    0    0    0    0    660  0    0    0    0    | 660
0    0    0    0    0    0    0    0    0    0    0    0    0    7514 0    0    0    0    | 7514
0    0    0    0    0    0    0    0    0    0    0    0    0    156  1551 0    0    0    | 1707
0    0    0    0    0    0    0    0    0    0    0    0    0    0    401  2859 1134 0    | 4394
0    0    0    0    0    0    0    0    0    0    0    0    0    0    0    0    3012 1337 | 4349
-------------------------------------------------------------------------------------------
3411 2415 1109 1687 2650 1551 3577 4407 4798 660  3152 1595 2833 9967 1952 2859 4146 1337 
