Valor funcion objetivo = 1753511
Cantidad de Iteraciones = 21
Tiempo de ejecucion (segundos) = 3.123283386230469e-05

646  0    0    0    0    0    | 646
2829 0    0    0    0    0    | 2829
890  0    0    0    0    0    | 890
3159 0    0    0    0    0    | 3159
237  0    0    0    0    0    | 237
1914 721  0    0    0    0    | 2635
0    1457 0    0    0    0    | 1457
0    1388 0    0    0    0    | 1388
0    520  0    0    0    0    | 520
0    2167 0    0    0    0    | 2167
0    1671 0    0    0    0    | 1671
0    414  1805 136  0    0    | 2355
0    0    0    5790 5109 5858 | 16757
0    0    0    0    0    1348 | 1348
0    0    0    0    0    309  | 309
0    0    0    0    0    910  | 910
-------------------------------
9675 8338 1805 5926 5109 8425 
