Valor funcion objetivo = 1492960
Cantidad de Iteraciones = 23
Tiempo de ejecucion (segundos) = 5.817413330078125e-05

1929 0    0    0    0    0    0    0    0    0    0    0    | 1929
2120 1566 695  0    0    0    0    0    0    0    0    0    | 4381
0    0    1864 1342 0    0    0    0    0    0    0    0    | 3206
0    0    0    1106 2536 0    0    0    0    0    0    0    | 3642
0    0    0    0    1306 0    0    0    0    0    0    0    | 1306
0    0    0    0    622  257  0    0    0    0    0    0    | 879
0    0    0    0    0    548  0    0    0    0    0    0    | 548
0    0    0    0    0    2809 509  816  0    0    0    0    | 4134
0    0    0    0    0    0    0    2737 1565 0    0    0    | 4302
0    0    0    0    0    0    0    0    661  0    0    0    | 661
0    0    0    0    0    0    0    0    316  1922 0    0    | 2238
0    0    0    0    0    0    0    0    0    59   308  2811 | 3178
-------------------------------------------------------------
4049 1566 2559 2448 4464 3614 509  3553 2542 1981 308  2811 
