Valor funcion objetivo = 1369212
Cantidad de Iteraciones = 23
Tiempo de ejecucion (segundos) = 5.745887756347656e-05

4049 85   0    0    0    0    0    0    0    0    0    0    | 4134
0    548  0    0    0    0    0    0    0    0    0    0    | 548
0    933  509  2939 0    0    0    0    0    0    0    0    | 4381
0    0    0    614  1315 0    0    0    0    0    0    0    | 1929
0    0    0    0    1496 2806 0    0    0    0    0    0    | 4302
0    0    0    0    0    661  0    0    0    0    0    0    | 661
0    0    0    0    0    147  732  0    0    0    0    0    | 879
0    0    0    0    0    0    1249 57   0    0    0    0    | 1306
0    0    0    0    0    0    0    2238 0    0    0    0    | 2238
0    0    0    0    0    0    0    264  2914 0    0    0    | 3178
0    0    0    0    0    0    0    0    1550 1656 0    0    | 3206
0    0    0    0    0    0    0    0    0    792  308  2542 | 3642
-------------------------------------------------------------
4049 1566 509  3553 2811 3614 1981 2559 4464 2448 308  2542 
