Valor funcion objetivo = 1150456
Cantidad de Iteraciones = 21
Tiempo de ejecucion (segundos) = 0.002276182174682617

0    0    0    0    0    646  | 646
0    0    0    0    2829 0    | 2829
890  0    0    0    0    0    | 890
3159 0    0    0    0    0    | 3159
0    237  0    0    0    0    | 237
0    2635 0    0    0    0    | 2635
0    0    0    1457 0    0    | 1457
1388 0    0    0    0    0    | 1388
0    520  0    0    0    0    | 520
362  0    1805 0    0    0    | 2167
0    0    0    1671 0    0    | 1671
0    0    0    2355 0    0    | 2355
3567 4036 0    443  932  7779 | 16757
0    0    0    0    1348 0    | 1348
309  0    0    0    0    0    | 309
0    910  0    0    0    0    | 910
-------------------------------
9675 8338 1805 5926 5109 8425 
