Valor funcion objetivo = 806847
Cantidad de Iteraciones = 23
Tiempo de ejecucion (segundos) = 0.0026216506958007812

0    1566 0    0    0    0    0    363  0    0    0    0    | 1929
0    0    1621 0    0    1908 0    852  0    0    0    0    | 4381
871  0    0    0    0    0    0    2335 0    0    0    0    | 3206
0    0    0    0    3642 0    0    0    0    0    0    0    | 3642
0    0    0    0    0    797  509  0    0    0    0    0    | 1306
0    0    0    210  0    669  0    0    0    0    0    0    | 879
0    0    0    0    0    240  0    0    0    0    308  0    | 548
0    0    0    0    0    0    0    3    0    1981 0    2150 | 4134
0    0    938  0    822  0    0    0    2542 0    0    0    | 4302
0    0    0    0    0    0    0    0    0    0    0    661  | 661
0    0    0    2238 0    0    0    0    0    0    0    0    | 2238
3178 0    0    0    0    0    0    0    0    0    0    0    | 3178
-------------------------------------------------------------
4049 1566 2559 2448 4464 3614 509  3553 2542 1981 308  2811 
