Valor funcion objetivo = 1007787
Cantidad de Iteraciones = 21
Tiempo de ejecucion (segundos) = 0.0021822452545166016

0    2829 0    0    0    0    | 2829
0    2475 0    434  8058 5790 | 16757
0    0    0    520  0    0    | 520
0    0    0    910  0    0    | 910
3159 0    0    0    0    0    | 3159
0    1348 0    0    0    0    | 1348
0    0    0    0    0    2635 | 2635
0    1040 348  0    0    0    | 1388
0    646  0    0    0    0    | 646
0    0    0    0    309  0    | 309
0    0    0    890  0    0    | 890
0    0    0    2355 0    0    | 2355
0    0    1457 0    0    0    | 1457
1671 0    0    0    0    0    | 1671
859  0    0    0    1308 0    | 2167
237  0    0    0    0    0    | 237
-------------------------------
5926 8338 1805 5109 9675 8425 
