Valor funcion objetivo = 1353287
Cantidad de Iteraciones = 27
Tiempo de ejecucion (segundos) = 0.0078089237213134766

0    2415 0    0    1730 1551 0    0    0    0    0    0    0    0    1952 0    0    0    | 7648
0    0    0    0    0    0    0    2762 2188 0    0    0    0    2531 0    0    0    1337 | 8818
0    0    0    0    0    0    0    1645 0    0    0    0    2833 0    0    0    2439 0    | 6917
0    0    0    0    0    0    0    0    2287 0    0    0    0    0    0    0    0    0    | 2287
0    0    1109 0    0    0    0    0    0    0    0    1595 0    4249 0    2859 0    0    | 9812
0    0    0    0    0    0    0    0    0    0    0    0    0    660  0    0    0    0    | 660
0    0    0    0    785  0    3577 0    0    0    3152 0    0    0    0    0    0    0    | 7514
0    0    0    0    0    0    0    0    0    0    0    0    0    0    0    0    1707 0    | 1707
3411 0    0    0    0    0    0    0    323  660  0    0    0    0    0    0    0    0    | 4394
0    0    0    1687 135  0    0    0    0    0    0    0    0    2527 0    0    0    0    | 4349
-------------------------------------------------------------------------------------------
3411 2415 1109 1687 2650 1551 3577 4407 4798 660  3152 1595 2833 9967 1952 2859 4146 1337 
