Valor funcion objetivo = 1032846
Cantidad de Iteraciones = 21
Tiempo de ejecucion (segundos) = 0.002404451370239258

0    0    0    0    0    2829 | 2829
941  3594 850  0    8004 3368 | 16757
520  0    0    0    0    0    | 520
910  0    0    0    0    0    | 910
0    3159 0    0    0    0    | 3159
0    1348 0    0    0    0    | 1348
0    0    0    1864 0    771  | 2635
1388 0    0    0    0    0    | 1388
0    0    646  0    0    0    | 646
0    0    309  0    0    0    | 309
0    0    0    890  0    0    | 890
0    0    0    2355 0    0    | 2355
0    0    0    0    0    1457 | 1457
0    0    0    0    1671 0    | 1671
2167 0    0    0    0    0    | 2167
0    237  0    0    0    0    | 237
-------------------------------
5926 8338 1805 5109 9675 8425 
