Valor funcion objetivo = 603878
Cantidad de Iteraciones = 23
Tiempo de ejecucion (segundos) = 0.002573728561401367

0    1566 0    0    0    0    0    342  2226 0    0    0    | 4134
0    0    0    548  0    0    0    0    0    0    0    0    | 548
280  0    0    280  311  1293 0    2217 0    0    0    0    | 4381
0    0    0    0    1929 0    0    0    0    0    0    0    | 1929
0    0    0    0    0    2321 1981 0    0    0    0    0    | 4302
0    0    0    661  0    0    0    0    0    0    0    0    | 661
0    0    0    0    571  0    0    0    0    0    308  0    | 879
0    0    0    0    0    0    0    0    0    1306 0    0    | 1306
0    0    0    0    0    0    0    0    2238 0    0    0    | 2238
127  0    509  0    0    0    0    0    0    0    0    2542 | 3178
0    0    0    2064 0    0    0    0    0    1142 0    0    | 3206
3642 0    0    0    0    0    0    0    0    0    0    0    | 3642
-------------------------------------------------------------
4049 1566 509  3553 2811 3614 1981 2559 4464 2448 308  2542 
