Valor funcion objetivo = 3692622
Cantidad de Iteraciones = 119
Tiempo de ejecucion (segundos) = 0.18891096115112305

0    0    0    0    0    0    0    0    0    0    0    0    0    0    0    0    0    0    1685 0    0    0    0    0    0    0    0    0    0    0    0    0    0    0    0    0    0    0    0    2499 0    0    0    0    0    0    0    0    0    0    | 4184
0    0    0    0    0    0    0    0    0    0    0    0    0    40   0    0    0    0    0    0    0    0    0    0    0    0    0    0    0    0    0    0    0    1463 0    0    0    0    0    0    0    0    0    0    0    0    0    0    0    0    | 1503
0    0    0    0    0    0    0    0    0    0    0    0    0    0    574  0    0    0    0    0    0    0    0    0    0    0    0    0    0    0    0    0    0    0    0    0    0    0    0    0    0    0    0    0    0    0    0    0    0    0    | 574
0    0    0    0    0    0    0    0    0    0    649  0    0    0    0    0    0    0    0    0    0    0    0    0    0    0    0    0    0    0    0    0    0    0    0    0    0    0    0    0    0    0    0    0    0    0    0    0    0    0    | 649
0    0    0    0    0    0    0    0    0    0    0    0    0    0    0    0    0    0    0    0    0    0    0    0    0    0    0    957  0    0    0    0    0    0    0    0    0    0    0    0    0    0    0    0    0    0    0    0    0    0    | 957
0    0    0    0    0    0    0    0    0    0    0    0    0    0    0    0    0    0    0    0    0    0    0    0    0    0    0    0    0    0    0    0    0    0    0    0    2574 0    0    0    0    0    0    0    0    0    0    0    0    0    | 2574
0    0    0    0    0    0    0    0    0    0    0    0    0    0    0    0    580  0    0    0    0    0    0    0    0    0    0    0    0    0    0    0    0    0    0    0    0    0    0    0    0    0    0    0    0    0    0    0    0    0    | 580
0    0    0    0    0    0    0    0    0    0    0    0    0    0    0    0    0    0    0    0    0    0    0    0    0    0    0    0    0    0    0    4200 0    0    0    0    0    0    0    0    0    0    0    0    0    0    0    0    0    0    | 4200
0    0    0    0    0    0    0    0    0    0    0    0    0    0    0    0    0    2249 0    0    0    0    0    0    0    0    0    0    0    0    0    0    0    0    0    0    0    0    0    0    0    0    0    0    0    0    0    0    0    0    | 2249
0    0    0    0    0    0    0    0    0    0    0    0    0    0    0    0    3421 0    0    0    0    0    0    0    0    0    0    0    0    0    0    0    0    0    0    0    0    0    0    0    0    0    0    0    0    0    0    0    0    0    | 3421
0    0    0    0    0    0    0    0    0    0    0    0    0    0    0    0    0    0    0    0    0    0    0    0    0    0    0    0    0    0    0    443  0    0    0    0    0    0    0    0    0    0    0    0    0    0    0    0    0    0    | 443
0    0    0    0    0    0    0    0    0    0    0    0    0    0    0    0    0    0    0    0    0    0    0    0    3443 70   0    0    0    0    0    0    0    0    0    0    0    0    0    0    0    0    0    0    0    0    0    0    0    0    | 3513
0    0    0    0    0    0    0    0    0    0    0    0    0    0    0    0    0    0    0    0    0    0    0    0    0    0    0    0    0    0    0    0    0    0    0    0    0    0    0    0    0    0    0    0    0    0    827  0    0    0    | 827
0    0    0    0    0    0    0    0    0    0    0    0    0    0    0    0    0    2543 0    0    0    0    0    0    0    0    0    0    0    0    0    0    0    0    0    0    0    0    0    0    0    0    0    0    0    0    0    0    0    0    | 2543
0    0    0    166  0    0    0    0    0    0    0    0    0    0    0    0    0    0    0    0    0    0    0    0    0    0    0    0    0    0    0    0    0    0    0    0    0    0    0    0    0    0    0    0    0    0    0    0    0    0    | 166
0    0    0    0    0    0    3799 0    0    0    0    0    0    0    0    0    0    0    0    0    0    0    0    0    0    0    0    0    0    0    0    0    0    0    0    0    0    0    0    0    0    0    0    0    0    0    0    0    0    0    | 3799
0    0    0    0    0    0    0    0    0    0    0    0    0    0    0    0    0    0    0    0    0    0    0    0    0    0    0    0    0    0    0    431  0    0    0    0    0    0    0    0    0    0    0    0    0    0    0    0    0    0    | 431
0    0    0    0    0    0    0    0    551  0    0    0    0    0    0    0    0    0    0    0    0    0    0    0    0    0    0    0    0    0    0    0    0    0    0    0    0    0    0    0    0    0    0    0    0    0    0    0    0    0    | 551
0    0    0    0    0    4952 0    0    0    0    0    0    0    0    0    0    0    0    0    0    0    0    0    0    0    0    0    0    0    0    0    0    0    0    0    0    0    0    0    0    0    0    0    0    0    0    0    0    0    0    | 4952
0    0    0    0    0    0    0    0    0    0    0    0    0    0    0    0    0    0    0    0    0    0    0    0    0    0    1055 0    0    0    0    0    0    0    0    0    0    0    0    0    0    0    0    0    0    0    0    0    0    0    | 1055
0    0    0    0    0    0    0    0    0    0    2147 0    0    0    0    0    0    0    0    0    0    0    0    0    0    0    0    0    0    0    0    0    0    0    0    0    0    0    0    0    0    0    0    0    0    0    0    0    0    0    | 2147
0    0    0    0    0    0    0    0    0    0    0    0    0    0    0    0    0    0    0    0    0    0    0    0    0    0    0    0    0    0    0    0    0    0    0    0    0    654  0    0    0    0    0    0    0    0    0    0    4103 0    | 4757
2891 0    0    0    0    0    0    0    0    0    0    0    0    0    0    0    0    0    0    0    0    0    0    0    0    0    0    0    0    0    0    0    0    0    0    0    0    0    0    0    0    0    0    0    0    0    0    0    0    0    | 2891
0    0    0    0    0    0    0    0    0    0    0    0    0    0    0    0    0    0    0    2845 0    0    0    569  0    0    0    0    0    447  0    0    622  0    0    0    0    0    0    0    0    0    0    0    0    0    0    0    0    0    | 4483
0    0    0    0    0    0    0    0    0    0    0    0    0    0    0    0    0    0    0    3582 0    0    0    0    0    0    0    0    0    0    0    0    0    0    0    0    0    0    0    0    0    0    0    0    0    0    0    0    0    0    | 3582
1    0    4545 0    0    2184 0    0    0    3573 0    2766 0    0    5620 0    0    0    0    0    7447 0    1938 0    0    408  0    0    0    0    1430 2071 0    0    0    6751 1446 2577 2961 6594 0    0    506  0    5227 0    0    3647 0    0    | 61692
0    0    0    0    0    0    0    0    0    0    0    0    0    0    0    0    0    0    0    325  0    0    0    0    0    0    0    0    0    0    0    0    0    0    0    0    0    0    0    0    0    0    0    0    0    0    0    0    0    0    | 325
0    0    0    0    0    0    0    0    0    0    0    0    0    0    0    0    0    0    0    0    0    0    0    0    0    0    0    0    0    0    0    0    0    0    0    0    4532 0    0    0    0    0    0    0    0    0    0    0    0    0    | 4532
0    0    0    0    0    0    0    0    0    0    0    0    0    0    0    0    0    0    0    0    0    0    0    0    0    0    0    0    0    0    0    0    0    718  0    0    0    0    0    0    0    0    0    0    0    0    0    0    0    0    | 718
0    0    0    0    0    0    0    0    0    0    0    0    0    0    0    0    0    0    0    0    0    0    0    0    0    0    0    0    0    0    0    0    0    0    0    0    0    2491 0    0    0    0    0    0    0    1796 0    0    0    0    | 4287
0    0    0    0    0    0    0    0    0    0    74   0    0    0    0    0    0    0    0    0    0    0    0    0    0    0    0    0    0    0    0    0    0    0    3013 0    0    0    0    0    0    0    0    0    0    0    0    0    0    0    | 3087
0    0    0    0    0    0    0    0    0    0    0    0    0    0    0    3333 0    0    0    0    0    0    0    0    0    0    0    0    0    0    0    0    0    0    0    0    0    0    0    0    0    803  0    0    0    0    0    0    0    0    | 4136
0    0    0    0    0    0    0    0    0    1469 0    0    0    0    0    0    2414 0    0    0    0    0    0    0    0    0    0    0    0    0    0    0    0    0    0    0    0    0    0    0    0    0    0    0    0    0    0    0    0    0    | 3883
0    0    0    0    0    0    0    0    0    0    0    0    0    0    0    0    0    0    0    0    0    0    0    0    0    4458 0    0    0    0    0    0    0    0    0    0    0    0    0    0    0    0    0    0    0    0    0    0    0    0    | 4458
0    0    0    0    4382 0    0    0    0    0    0    0    0    0    0    0    0    0    0    0    0    0    0    0    0    0    0    0    0    0    0    133  0    0    0    0    0    0    0    0    0    0    0    216  0    0    0    0    0    0    | 4731
0    0    0    0    0    0    0    0    0    0    0    0    0    0    0    0    0    0    0    0    0    0    4033 0    0    0    0    0    0    0    0    0    0    0    0    0    0    0    0    0    0    0    0    0    0    0    0    0    0    0    | 4033
0    0    0    0    0    0    0    0    0    0    0    0    0    0    0    0    0    0    0    0    0    0    0    0    0    0    0    0    0    0    0    0    0    0    0    0    0    0    0    0    0    0    0    0    0    0    0    0    0    1551 | 1551
0    0    0    0    0    1603 0    0    0    0    0    0    0    0    0    0    0    0    0    0    0    0    0    0    0    0    0    0    0    0    0    0    0    0    0    0    0    0    0    0    0    0    0    0    0    0    0    0    0    0    | 1603
0    0    0    0    0    0    0    0    0    0    0    0    0    0    0    0    0    0    0    0    0    0    0    0    0    0    0    0    0    0    1908 0    0    0    0    0    0    0    0    0    0    0    0    0    0    0    0    0    0    0    | 1908
0    0    0    1650 0    0    0    0    0    0    0    0    0    0    0    0    0    0    0    0    0    0    0    0    0    0    0    0    0    0    0    0    0    1185 0    0    0    0    0    0    0    0    0    0    0    0    0    0    0    0    | 2835
0    0    0    0    0    0    0    3437 0    0    0    0    0    0    0    0    0    0    0    0    0    0    0    0    0    0    0    0    0    0    0    0    0    0    0    0    0    0    0    0    0    0    0    0    0    0    0    0    0    0    | 3437
0    0    0    0    0    0    0    0    0    0    0    0    0    0    1310 0    0    0    0    0    0    0    0    0    0    0    0    0    0    0    0    0    0    0    0    0    0    0    0    0    0    0    0    0    0    0    0    0    0    0    | 1310
0    0    0    0    0    0    0    0    0    0    0    0    0    0    868  0    0    0    0    0    0    0    0    0    0    0    0    0    0    0    0    0    0    0    0    0    0    0    0    0    0    0    0    0    0    0    0    0    0    0    | 868
0    0    0    0    0    0    0    0    0    0    0    0    0    0    0    0    0    0    0    0    0    0    0    0    0    0    0    0    0    0    0    0    0    514  0    0    0    0    0    0    0    0    0    0    0    0    0    0    0    0    | 514
0    0    0    0    0    0    0    0    0    0    0    0    0    0    0    0    0    0    0    1286 0    0    0    0    0    0    0    0    0    0    0    0    0    0    0    0    0    0    0    0    0    0    0    0    0    0    0    0    0    0    | 1286
0    0    0    0    0    0    0    0    0    0    0    0    0    0    0    0    0    0    0    0    0    0    0    0    0    0    0    0    0    0    0    0    0    0    0    0    540  0    0    0    0    0    0    0    0    0    585  0    0    0    | 1125
0    0    0    0    0    0    0    0    0    0    0    0    0    0    0    0    0    0    0    0    0    0    0    0    0    0    0    0    0    0    0    0    0    0    0    0    0    0    0    0    4858 0    0    0    0    0    0    0    0    0    | 4858
0    0    0    0    0    0    0    0    0    0    0    0    0    0    0    0    0    0    0    0    0    0    0    0    0    0    0    0    0    0    0    0    0    0    0    1020 0    0    0    0    0    0    0    0    0    0    0    0    0    0    | 1020
0    0    0    0    0    0    132  0    0    0    0    0    0    0    0    185  0    184  0    0    0    0    1044 0    0    0    0    0    0    0    0    0    174  847  0    0    0    0    0    0    0    0    0    0    0    0    0    0    0    0    | 2566
0    0    0    0    0    0    0    0    0    0    0    0    0    0    0    0    0    0    0    0    0    0    0    0    0    0    879  0    0    0    0    0    0    0    0    0    0    3467 0    0    0    0    0    0    0    0    0    0    0    0    | 4346
0    0    0    0    3848 0    0    0    0    0    0    0    0    0    0    0    0    0    0    0    0    0    0    0    0    0    0    0    0    0    0    0    0    0    0    0    0    0    0    0    0    0    0    0    0    0    0    0    0    0    | 3848
0    0    0    0    0    0    0    0    0    0    418  0    0    0    0    0    0    0    0    0    0    0    0    0    0    0    0    0    0    0    0    0    0    0    0    0    0    0    0    0    0    0    0    0    0    0    0    0    0    0    | 418
0    0    0    0    0    0    0    0    0    0    0    0    0    0    0    0    0    0    0    0    0    0    0    0    3870 0    0    0    0    0    0    0    0    0    0    0    0    0    0    0    0    0    0    0    0    0    0    0    0    0    | 3870
0    0    0    0    0    0    0    0    0    0    0    0    0    0    0    0    0    0    0    0    0    0    0    0    0    0    0    0    0    0    0    1944 0    0    0    0    0    0    0    0    0    0    0    0    0    0    0    0    0    0    | 1944
0    0    0    0    0    0    0    0    0    0    0    0    0    0    0    0    0    0    0    0    0    0    0    0    0    0    0    0    0    0    0    0    0    0    0    0    0    0    0    820  1317 0    0    0    0    0    0    0    0    0    | 2137
0    0    0    0    0    0    0    0    0    0    0    0    0    0    0    0    0    0    0    0    0    0    0    0    0    0    0    0    0    0    2575 0    0    0    0    0    0    0    0    0    0    0    0    0    0    0    0    0    0    0    | 2575
0    1457 0    0    0    0    0    0    0    0    0    0    0    0    0    0    0    0    0    0    0    0    0    0    0    0    0    0    0    0    0    0    0    0    0    0    0    0    0    0    0    0    0    0    0    0    0    0    0    0    | 1457
0    0    0    0    0    0    0    0    455  0    0    0    0    0    0    0    0    0    0    0    0    0    0    0    0    0    0    0    0    0    2641 0    0    0    0    0    0    0    0    0    0    0    0    0    0    0    0    0    0    0    | 3096
0    0    0    0    0    0    0    0    0    0    0    0    0    0    0    0    0    0    0    0    0    0    0    0    0    0    0    0    0    0    0    0    0    0    0    0    0    0    0    0    2530 0    0    0    0    0    0    0    0    0    | 2530
0    0    0    0    0    0    0    0    0    0    0    0    0    0    0    0    0    1410 0    0    0    0    0    0    0    0    0    0    0    0    0    0    0    0    0    0    0    0    0    0    0    0    0    0    0    0    0    0    0    0    | 1410
0    0    0    0    0    0    0    0    0    0    0    0    0    0    0    0    0    0    0    0    0    0    0    0    0    0    0    0    0    0    0    0    2315 0    0    0    0    0    0    0    0    0    0    0    0    0    0    0    0    0    | 2315
0    0    0    0    0    0    0    0    0    0    0    0    0    0    0    0    0    0    0    0    0    0    0    0    0    0    0    0    0    0    1349 0    0    0    0    0    0    0    0    0    0    0    0    0    0    0    0    0    0    0    | 1349
0    3348 0    0    0    0    0    170  0    0    0    0    0    0    0    0    0    0    0    0    0    0    0    0    0    0    0    0    0    0    0    0    0    0    0    0    0    0    0    0    0    0    0    0    0    0    0    0    0    613  | 4131
0    0    0    0    0    0    0    0    0    0    2045 0    0    0    0    0    0    0    0    0    0    0    0    0    0    0    0    0    0    0    0    0    0    0    0    0    0    0    0    0    0    0    0    0    0    0    0    0    0    780  | 2825
0    0    0    0    0    0    0    0    0    4232 0    0    0    0    0    0    0    0    0    0    0    0    0    0    0    0    0    0    0    0    0    0    0    0    0    0    0    0    0    0    0    0    0    0    0    0    0    0    0    0    | 4232
0    0    0    0    0    0    0    0    0    0    0    0    0    0    0    0    0    0    0    0    0    0    0    0    592  0    0    3222 0    0    0    0    0    0    0    0    0    0    0    0    0    0    0    0    0    0    0    0    0    0    | 3814
0    0    0    0    0    0    0    0    0    0    172  0    676  0    0    0    0    0    0    0    0    0    0    0    0    0    0    0    3359 0    0    0    0    0    0    0    0    0    0    0    0    0    0    0    731  0    0    0    0    0    | 4938
0    0    0    0    0    0    0    0    0    0    0    0    0    0    0    0    0    0    0    0    0    3498 0    0    0    0    0    0    410  0    0    0    0    0    0    0    0    0    0    0    0    0    0    0    0    0    0    0    0    0    | 3908
0    0    2358 0    0    0    0    0    0    0    0    0    0    0    0    0    0    0    0    0    0    0    0    0    0    0    0    0    0    0    0    0    0    0    0    0    0    0    0    0    0    0    0    0    0    0    0    0    0    0    | 2358
0    0    0    0    0    0    0    0    0    0    0    0    0    0    0    0    0    0    0    0    0    0    0    0    0    0    0    0    0    0    0    0    0    0    0    0    0    0    0    0    0    0    0    0    0    0    3494 0    0    0    | 3494
-----------------------------------------------------------------------------------------------------------------------------------------------------------------------------------------------------------------------------------------------------------
2892 4805 6903 1816 8230 8739 3931 3607 1006 9274 5505 2766 676  40   8372 3518 6415 6386 1685 8038 7447 3498 7015 569  7905 4936 1934 4179 3769 447  9903 9222 3111 4727 3013 7771 9092 9189 2961 9913 8705 803  506  216  5958 1796 4906 3647 4103 2944 
