Valor funcion objetivo = 706743
Cantidad de Iteraciones = 23
Tiempo de ejecucion (segundos) = 0.0024597644805908203

0    0    0    0    0    0    0    0    0    0    0    1929 | 1929
0    0    0    0    258  3614 509  0    0    0    0    0    | 4381
343  0    0    0    0    0    0    0    0    1981 0    882  | 3206
1083 0    2559 0    0    0    0    0    0    0    0    0    | 3642
0    0    0    0    0    0    0    0    1306 0    0    0    | 1306
879  0    0    0    0    0    0    0    0    0    0    0    | 879
548  0    0    0    0    0    0    0    0    0    0    0    | 548
0    1566 0    0    0    0    0    1332 1236 0    0    0    | 4134
0    0    0    2448 1854 0    0    0    0    0    0    0    | 4302
353  0    0    0    0    0    0    0    0    0    308  0    | 661
0    0    0    0    2238 0    0    0    0    0    0    0    | 2238
843  0    0    0    114  0    0    2221 0    0    0    0    | 3178
-------------------------------------------------------------
4049 1566 2559 2448 4464 3614 509  3553 2542 1981 308  2811 
