Valor funcion objetivo = 1251887
Cantidad de Iteraciones = 27
Tiempo de ejecucion (segundos) = 0.009294509887695312

0    0    0    0    0    0    0    0    0    0    1707 0    0    0    0    0    0    0    | 1707
0    0    0    0    0    0    887  0    0    0    0    0    0    0    6030 0    0    0    | 6917
1551 0    0    0    0    0    0    0    846  1952 0    0    0    0    0    0    0    0    | 4349
0    0    0    0    0    3577 0    0    0    0    0    0    0    0    3937 0    0    0    | 7514
0    0    0    0    0    0    0    0    0    0    0    2833 0    2650 0    0    0    3335 | 8818
0    0    861  0    0    0    0    0    718  0    708  0    0    0    0    0    0    0    | 2287
0    0    3285 0    0    0    0    0    0    0    0    0    0    0    0    1109 0    0    | 4394
0    1595 0    3161 1337 0    800  0    2843 0    0    0    0    0    0    0    0    76   | 9812
0    0    0    0    0    0    0    0    0    0    0    0    0    0    0    0    660  0    | 660
0    0    0    1637 0    0    0    660  0    0    0    0    2859 0    0    0    2492 0    | 7648
-------------------------------------------------------------------------------------------
1551 1595 4146 4798 1337 3577 1687 660  4407 1952 2415 2833 2859 2650 9967 1109 3152 3411 
