Valor funcion objetivo = 1254415
Cantidad de Iteraciones = 27
Tiempo de ejecucion (segundos) = 0.009192466735839844

0    0    0    0    0    1707 0    0    0    0    0    0    0    0    0    0    0    0    | 1707
0    0    0    0    0    0    0    0    0    0    0    0    0    0    6917 0    0    0    | 6917
0    0    0    830  0    0    0    660  0    0    0    0    2859 0    0    0    0    0    | 4349
0    0    0    0    0    0    0    0    4407 0    0    0    0    0    3050 0    0    57   | 7514
0    0    4146 1553 0    0    1000 0    0    0    0    546  0    0    0    1109 0    464  | 8818
0    0    0    0    0    0    0    0    0    0    0    2287 0    0    0    0    0    0    | 2287
0    0    0    0    0    0    687  0    0    1292 2415 0    0    0    0    0    0    0    | 4394
0    1595 0    2415 0    0    0    0    0    0    0    0    0    2650 0    0    3152 0    | 9812
0    0    0    0    0    0    0    0    0    660  0    0    0    0    0    0    0    0    | 660
1551 0    0    0    1337 1870 0    0    0    0    0    0    0    0    0    0    0    2890 | 7648
-------------------------------------------------------------------------------------------
1551 1595 4146 4798 1337 3577 1687 660  4407 1952 2415 2833 2859 2650 9967 1109 3152 3411 
